[gd_scene load_steps=5 format=3 uid="uid://c7mamlrnwuvrh"]

[sub_resource type="StandardMaterial3D" id="StandardMaterial3D_l255x"]
albedo_color = Color(0.470482, 0.321769, 0.208081, 1)

[sub_resource type="ProceduralSkyMaterial" id="ProceduralSkyMaterial_2w6fi"]
sky_top_color = Color(0.0428223, 0.0484942, 0.257184, 1)
sky_horizon_color = Color(0.240994, 0.0289671, 0.388349, 1)
sky_curve = 0.0512267
ground_bottom_color = Color(0.0523268, 0.0813789, 0.197836, 1)
ground_horizon_color = Color(0.239216, 0.027451, 0.388235, 1)
ground_curve = 0.0512

[sub_resource type="Sky" id="Sky_7iah1"]
sky_material = SubResource("ProceduralSkyMaterial_2w6fi")

[sub_resource type="Environment" id="Environment_s4n4o"]
background_mode = 2
sky = SubResource("Sky_7iah1")
ambient_light_source = 3
tonemap_mode = 2
glow_enabled = true

[node name="Floor" type="CSGBox3D" groups=["Hazard"]]
transform = Transform3D(1, 0, 0, 0, 1, 0, 0, 0, 1, 0, -4, 0)
material_override = SubResource("StandardMaterial3D_l255x")
use_collision = true
size = Vector3(30, 8, 5)

[node name="Wall" type="CSGBox3D" parent="."]
transform = Transform3D(0.963822, -0.266549, 0, 0.266549, 0.963822, 0, 0, 0, 1, -11.8548, 5.41815, 0)
size = Vector3(4, 10, 4)

[node name="Wall2" type="CSGBox3D" parent="."]
transform = Transform3D(0.79054, 0.61241, 0, -0.61241, 0.79054, 0, 0, 0, 1, -12.2785, 12.043, 0)
size = Vector3(4, 10, 4)

[node name="Wall3" type="CSGBox3D" parent="."]
transform = Transform3D(0.966129, 0.25806, 0, -0.25806, 0.966129, 0, 0, 0, 1, 12.2949, 5.45666, 0)
size = Vector3(4, 10, 4)

[node name="Wall4" type="CSGBox3D" parent="."]
transform = Transform3D(0.83011, -0.5576, 0, 0.5576, 0.83011, 0, 0, 0, 1, 13.3733, 14.585, 0)
size = Vector3(4, 10, 4)

[node name="Ceiling" type="CSGBox3D" parent="."]
transform = Transform3D(0.441553, -0.897235, 0, 0.897235, 0.441553, 0, 0, 0, 1, -8.11876, 16.0486, 0)
size = Vector3(4, 10, 4)

[node name="Ceiling2" type="CSGBox3D" parent="."]
transform = Transform3D(0.441553, -0.897235, 0, 0.897235, 0.441553, 0, 0, 0, 1, -3.57384, 15.9716, 0)
size = Vector3(4, 10, 4)

[node name="Ceiling3" type="CSGBox3D" parent="."]
transform = Transform3D(0.99987, -0.0161263, 0, 0.0161263, 0.99987, 0, 0, 0, 1, 2.81987, 19.9419, 0)
size = Vector3(4, 10, 4)

[node name="Ceiling4" type="CSGBox3D" parent="."]
transform = Transform3D(0.320663, 0.947193, 0, -0.947193, 0.320663, 0, 0, 0, 1, 8.89583, 16.8709, 0)
size = Vector3(4, 10, 4)

[node name="Background" type="CSGBox3D" parent="."]
transform = Transform3D(0.312167, -0.943556, 0.110702, 0.724572, 0.161098, -0.670107, 0.614449, 0.289396, 0.733963, -11.6532, 3.36075, -5.67321)
size = Vector3(4, 10, 4)

[node name="Background2" type="CSGBox3D" parent="."]
transform = Transform3D(-0.667554, -0.267786, -0.694739, 0.0649643, 0.908578, -0.412632, 0.741722, -0.320587, -0.589129, -9.833, 5.97303, -7.06427)
size = Vector3(4, 10, 4)

[node name="Background3" type="CSGBox3D" parent="."]
transform = Transform3D(-0.545391, -0.450145, -0.707048, -0.0480991, 0.858969, -0.509764, 0.8368, -0.244013, -0.490126, -3.17647, 4.9972, -7.06427)
size = Vector3(4, 10, 4)

[node name="Background7" type="CSGBox3D" parent="."]
transform = Transform3D(-0.822154, 0.541764, -0.174797, 0.547284, 0.667723, -0.504604, -0.15666, -0.510526, -0.845471, 2.58765, 17.2931, -12.5977)
size = Vector3(4, 10, 4)

[node name="Background8" type="CSGBox3D" parent="."]
transform = Transform3D(-0.830262, 0.512183, 0.21985, 0.246205, 0.690882, -0.679754, -0.500049, -0.510245, -0.699715, 7.51079, 14.3062, -7.46812)
size = Vector3(4, 11.647, 4)

[node name="Background4" type="CSGBox3D" parent="."]
transform = Transform3D(-0.903666, -0.0725185, -0.422054, 0.265883, 0.677576, -0.685709, 0.3357, -0.731869, -0.593021, 3.32362, 3.21797, -8.39274)
size = Vector3(4, 10, 4)

[node name="Background5" type="CSGBox3D" parent="."]
transform = Transform3D(-0.656728, 0.366892, 0.658862, 0.111833, 0.911395, -0.396046, -0.745789, -0.186412, -0.639569, 8.20642, 2.99763, -6.2277)
size = Vector3(4, 10, 4)

[node name="Background6" type="CSGBox3D" parent="."]
transform = Transform3D(0.283254, 0.958899, -0.0167328, 0.635673, -0.200782, -0.745391, -0.718114, 0.200498, -0.666418, 14.6939, 2.41909, -5.1387)
size = Vector3(4, 10, 4)

[node name="DirectionalLight3D" type="DirectionalLight3D" parent="."]
transform = Transform3D(0.984808, -0.111619, 0.133022, 0, 0.766044, 0.642788, -0.173648, -0.633022, 0.754407, 0, 0, 0)
light_energy = 0.5
shadow_enabled = true

[node name="WorldEnvironment" type="WorldEnvironment" parent="."]
environment = SubResource("Environment_s4n4o")
